18
109
814
42
13
424
152
219
1
55
23
186
111
86
79
513
114
412
154
35
189
369
81
27
205
694
290
658
160
331
78
77
496
224
261
434
113
96
28
49
473
343
66
413
188
59
766
173
695
571
501
211
165
591
61
250
262
87
151
71
76
220
16
441
714
355
137
378
479
293
73
62
514
158
299
344
576
203
128
548
216
787
21
213
270
289
9
50
535
118
45
56
150
242
335
244
796
46
38
127
340
295
276
404
530
235
180
36
106
405
342
296
395
312
314
85
689
94
380
107
403
241
303
315
51
103
40
60
451
34
599
145
542
409
93
201
383
332
396
231
333
641
10
431
300
215
41
532
308
325
43
105
387
351
110
265
74
294
510
155
728
115
260
206
32
370
247
256
292
202
374
2
181
323
218
0
415
529
379
389
722
397
381
511
84
398
512
440
701
566
138
394
471
120
64
444
338
482
782
234
100
298
494
322
360
368
253
377
414
240
226
39
309
198
406
178
487
560
763
172
457
164
20
233
264
95
364
319
159
53
382
685
423
419
433
232
82
493
492
248
635
531
22
191
25
72
98
320
341
373
88
534
437
438
612
450
268
384
187
125
452
161
252
57
156
176
204
5
170
217
135
101
121
12
297
518
644
362
157
361
228
214
651
649
227
458
636
236
812
818
266
209
724
723
208
721
353
347
346
345
142
143
708
536
634
520
117
116
519
666
357
358
436
739
508
665
99
503
502
185
773
543
544
764
237
499
498
751
537
777
554
192
271
349
784
52
798
788
130
590
399
200
83
258
715
704
765
4
774
528
263
661
288
30
29
33
337
245
468
24
682
684
69
515
89
90
330
19
547
317
559
327
427
